2.195245|0.452182
2.200348|0.392898
2.192906|0.408125
2.189699|0.791350
2.175011|0.408261
2.178126|0.418494
2.176635|0.446114
2.185057|0.877952
2.188846|0.378773
2.150020|0.336055
2.165469|0.323669
2.158253|0.353364
2.166688|0.314034
2.143447|0.277732
2.138808|0.196261
2.161121|0.280333
2.141658|0.178085
2.162652|0.236188
2.148726|0.259334
2.134434|0.216116
2.135779|0.182132
2.155552|0.263946
2.169419|0.273198
2.175600|0.242945
2.124524|0.155727
2.147288|0.194470
2.136050|0.202919
2.148026|0.215553
2.122672|0.186460
2.117073|0.163817
2.147362|0.245617
2.127049|0.140055
2.147924|0.193962
2.139410|0.188293
2.117872|0.208571
2.121622|0.154963
2.139942|0.157985
2.166891|0.082710
2.173572|0.236056
2.113712|0.205242
2.134742|0.215122
2.121327|0.183551
2.131102|0.153042
2.111472|0.181435
2.102128|0.151385
2.138619|0.180767
2.115788|0.104957
2.135295|0.169860
2.130666|0.171741
2.111048|0.223692
2.112067|0.127619
2.124804|0.139973
2.163308|0.099321
2.154041|0.178850
2.107261|0.108889
2.119745|0.131508
2.113040|0.131185
2.118771|0.126734
2.103151|0.116282
2.093063|0.148611
2.130988|0.138863
2.105189|0.101951
2.121543|0.118531
2.122073|0.248619
2.100021|0.203055
2.102595|0.134401
2.113892|0.122332
2.159092|0.133522
2.138866|0.102446
2.095972|0.072087
2.109471|0.084032
2.102014|0.088025
2.106766|0.102972
2.094606|0.083909
2.080396|0.122736
2.123702|0.109822
2.096180|0.065971
2.111058|0.100760
2.114379|0.105841
2.093257|0.218096
2.093935|0.107920
2.104173|0.098814
2.155272|0.046418
2.129225|0.147055
2.089633|0.081921
2.099551|0.086605
2.094512|0.075119
2.098579|0.105948
2.087943|0.076398
2.071340|0.076885
2.119617|0.091274
2.089073|0.082430
2.100780|0.089174
2.106832|0.128837
2.086720|0.167921
2.086656|0.102191
2.093626|0.092715
2.153065|0.044083
2.119525|0.087240
2.083413|0.082930
2.089841|0.095285
2.087343|0.083427
2.090861|0.088813
2.082378|0.077336
2.064310|0.073846
2.115990|0.090003
2.083834|0.085386
2.091365|0.084776
2.102671|0.089490
2.082324|0.143329
2.082988|0.095728
2.087242|0.088538
2.150074|0.036768
2.107411|0.071749
2.079757|0.071641
2.085716|0.101984
2.084068|0.087976
2.086188|0.080870
2.079607|0.073256
2.060547|0.079653
2.113549|0.083421
2.081160|0.074882
2.087762|0.077226
2.100422|0.095816
2.080187|0.151596
2.080645|0.088721
2.084311|0.098084
2.148785|0.039739
2.101481|0.069572
2.076984|0.075077
2.082547|0.084515
2.081561|0.071769
2.083753|0.086472
2.077447|0.073740
2.057686|0.063194
2.111727|0.087046
2.078940|0.079159
2.084829|0.079298
2.098861|0.076597
2.078249|0.114938
2.078870|0.088935
2.082546|0.091683
2.147250|0.027184
2.096466|0.065664
2.074876|0.069415
2.080488|0.098478
2.079898|0.075751
2.081392|0.076974
2.075496|0.069289
2.055766|0.061423
2.084903|0.129936
2.106314|0.279809
2.035182|0.195628
2.152524|0.325750
2.014709|0.204782
2.076597|0.078867
2.013263|0.018838
2.111290|0.016953
2.060748|0.016120
2.045430|0.192587
2.095284|0.184336
2.067044|0.342475
2.090094|0.007588
2.031270|0.006641
2.063259|0.274674
2.038227|0.010087
2.066416|0.020126
2.088765|0.252287
2.096997|0.023940
2.070318|0.158917
2.117419|0.194141
2.022414|0.158200
2.078064|0.032199
2.012294|0.011120
2.062145|0.067736
2.095797|0.065021
2.039387|0.120591
2.046519|0.038130
2.040533|0.097808
2.078817|0.038825
2.026072|0.031891
2.049210|0.141413
2.012543|0.027100
2.033059|0.020021
2.079747|0.216146
2.087270|0.018498
2.050499|0.115040
2.103024|0.130971
2.008521|0.162650
2.072628|0.029984
2.003466|0.004136
2.056465|0.046323
2.055728|0.024356
2.019167|0.094513
2.033573|0.024753
2.030421|0.072831
2.073313|0.037108
2.018827|0.026164
2.034939|0.083474
2.002896|0.022734
2.020538|0.006755
2.074390|0.187119
2.080440|0.010293
2.033062|0.096143
2.088318|0.081212
2.003303|0.168613
2.068621|0.025802
1.998403|0.006389
2.050785|0.017939
2.042171|0.009383
2.013108|0.075523
2.016870|0.007099
2.014293|0.066305
2.070333|0.021687
2.015361|0.018728
2.019569|0.067587
2.000171|0.022720
2.012765|0.002305
2.071353|0.182913
2.076324|0.005301
2.023772|0.085185
2.078724|0.054391
1.999723|0.159432
2.065893|0.013649
1.995420|0.004494
2.046858|0.022641
2.037499|0.007115
2.010110|0.067008
2.011464|0.007499
2.009039|0.051294
2.068400|0.017685
2.012758|0.014217
2.014646|0.058891
1.997521|0.018595
2.007590|0.001013
2.069054|0.164690
2.073844|0.006685
2.020593|0.085019
2.076244|0.048633
1.998083|0.153466
2.064031|0.013005
1.993714|0.004745
2.044312|0.017585
2.035215|0.006742
2.007629|0.067014
2.008308|0.007258
2.006193|0.046385
2.066833|0.012577
2.011510|0.010117
2.012471|0.056836
1.996265|0.015289
2.004945|0.000765
2.067483|0.156327
2.071787|0.004994
2.018449|0.086818
2.074376|0.045614
1.996943|0.146232
2.063044|0.014092
1.992536|0.006942
2.043140|0.015982
2.033713|0.008687
2.006395|0.067120
2.005945|0.008558
2.002958|0.041327
2.065770|0.012745
2.010562|0.010842
2.006340|0.050193
1.995008|0.016918
2.003649|0.000529
2.066549|0.150283
2.070790|0.007121
2.017297|0.082614
2.067879|0.043545
1.996226|0.141131
2.062622|0.013282
1.991722|0.006628
2.042341|0.015716
2.032423|0.007823
2.005817|0.066464
1.999798|0.008481
1.997438|0.039535
2.064763|0.010095
2.009771|0.008790
2.003461|0.048817
1.994073|0.013699
2.002014|0.000298
2.065494|0.145462
2.069748|0.006208
2.016188|0.082096
2.065989|0.042210
1.995570|0.138672
2.061769|0.014504
1.990949|0.007207
2.041579|0.014644
2.031544|0.007743
2.004801|0.064118
1.998183|0.007558
1.995889|0.038254
2.063957|0.010526
2.009139|0.009259
2.002226|0.045452
1.993334|0.013786
2.000666|0.000262
2.064517|0.141064
2.068935|0.006281
2.015205|0.081661
2.065129|0.041223
1.995039|0.136648
2.061203|0.014332
1.990352|0.007087
2.040982|0.011128
2.030744|0.007125
2.004152|0.066134
1.997247|0.007806
1.994893|0.037574
2.063175|0.008905
2.008562|0.007962
2.001338|0.048187
1.992751|0.011325
1.999656|0.000317
2.114701|0.327514
2.112495|0.202075
2.049380|0.254233
2.069345|0.137153
2.068229|0.176854
2.145662|0.374904
2.119114|0.192461
2.115895|0.356096
2.029230|0.262992
2.094400|0.143758
2.129415|0.133433
2.083688|0.092955
2.065584|0.143881
2.091568|0.129023
2.041951|0.055501
2.085948|0.096423
1.838468|0.012637
2.097172|0.102158
2.102437|0.156418
2.069812|0.208012
2.089880|0.127430
2.047711|0.087756
2.101737|0.136765
2.090299|0.081726
2.094397|0.246252
2.039837|0.136106
2.088489|0.095140
2.137187|0.081298
2.076597|0.098389
2.074262|0.103005
2.093815|0.259156
2.019457|0.134494
2.076609|0.107373
1.783776|0.007578
2.084944|0.038588
2.074237|0.097285
2.038536|0.135943
2.073071|0.064419
2.018097|0.029720
2.081636|0.064594
2.069043|0.044665
2.078514|0.219896
2.029926|0.156397
2.061063|0.031749
2.122198|0.027105
2.055328|0.042816
2.060924|0.096173
2.065869|0.080563
1.993168|0.028173
2.060973|0.025796
1.702358|0.005232
2.074904|0.022076
2.061994|0.077446
2.004375|0.084073
2.060448|0.020918
1.991827|0.016393
2.065762|0.049706
2.047458|0.039428
2.066088|0.106308
2.022182|0.069183
2.040185|0.026280
2.114347|0.026024
2.045186|0.043270
2.051508|0.064565
2.053299|0.044084
1.975113|0.018125
2.055137|0.018560
1.668899|0.001843
2.070148|0.012581
2.054893|0.071989
1.996990|0.082375
2.050038|0.010685
1.985893|0.013179
2.061934|0.045354
2.039451|0.032456
2.059975|0.085077
2.016104|0.052894
2.034695|0.028972
2.110894|0.029389
2.040334|0.042687
2.046107|0.051990
2.048445|0.030276
1.970704|0.014783
2.052418|0.016092
1.653283|0.001111
2.067701|0.011575
2.051432|0.072952
1.993094|0.074122
2.045686|0.009996
1.982523|0.008746
2.058539|0.035496
2.035339|0.024008
2.056934|0.073940
2.012679|0.058939
2.032817|0.016348
2.108961|0.018575
2.038376|0.034119
2.043182|0.048205
2.045327|0.023855
1.968197|0.012738
2.050462|0.013548
1.644245|0.000787
2.065423|0.007582
2.050101|0.062197
1.991187|0.073478
2.043756|0.007047
1.980649|0.009216
2.057565|0.040631
2.033833|0.028124
2.055542|0.059208
2.010808|0.042727
2.031545|0.016851
2.107552|0.018010
2.036971|0.035096
2.041890|0.041729
2.043904|0.021225
1.966980|0.010156
2.049120|0.010793
1.639008|0.000565
2.064002|0.007392
2.049342|0.068597
1.989838|0.070571
2.042540|0.007256
1.979423|0.005690
2.056576|0.037836
2.032878|0.022502
2.054842|0.048638
2.009628|0.039126
2.030779|0.012871
2.106652|0.014767
2.036163|0.036204
2.040950|0.037536
2.042808|0.016005
1.966061|0.008927
2.048272|0.008507
1.635604|0.000416
2.062927|0.005360
2.048750|0.065175
1.989044|0.072278
2.041943|0.007075
1.978620|0.004745
2.055851|0.038071
2.032267|0.019649
2.054138|0.038847
2.008964|0.036210
2.030211|0.010105
2.106080|0.012074
2.035284|0.038030
2.040395|0.035957
2.042100|0.013291
1.965217|0.006537
2.047678|0.006310
1.632924|0.000313
2.062310|0.004031
2.048221|0.064816
1.988399|0.072867
2.041412|0.006571
1.977856|0.003577
2.055342|0.038171
2.031680|0.018108
2.053662|0.033355
2.008500|0.034630
2.029676|0.007904
2.105525|0.009463
2.034340|0.038067
2.039941|0.035022
2.041437|0.008707
1.964560|0.005517
2.047190|0.005040
1.630727|0.000246
2.127904|0.405843
2.070697|0.151247
2.133059|0.245679
2.097251|0.164228
2.053933|0.118053
2.048554|0.179277
2.112776|0.085104
2.075598|0.087835
2.067530|0.255694
2.107129|0.175931
2.112210|0.086455
2.046491|0.081347
2.059356|0.057487
2.077610|0.095961
2.107341|0.089727
2.089025|0.051604
1.803162|0.021988
2.102506|0.050115
2.084722|0.056437
2.063593|0.068343
2.050556|0.042426
2.034130|0.032544
2.056541|0.090526
2.101732|0.067460
2.066654|0.046443
2.063214|0.105014
2.110717|0.096915
2.072000|0.044399
2.019118|0.045800
2.055520|0.038442
2.064583|0.076556
2.084697|0.036451
2.067813|0.037973
1.804247|0.004459
2.095166|0.033983
2.072688|0.041323
2.029961|0.058645
2.024828|0.029355
2.007669|0.049498
2.040399|0.054649
2.083856|0.040251
2.057908|0.032199
2.054727|0.073381
2.101285|0.054166
2.053302|0.043310
2.003185|0.037599
2.047366|0.037498
2.047870|0.050967
2.070381|0.029290
2.055771|0.039916
1.785329|0.004664
2.091596|0.026444
2.066989|0.039136
2.011045|0.045768
2.000133|0.040349
1.994199|0.051083
2.034604|0.052251
2.072014|0.037783
2.054773|0.026584
2.050039|0.069095
2.095347|0.041382
2.046947|0.042397
1.994365|0.037399
2.043153|0.039399
2.038082|0.039504
2.066225|0.024803
2.052515|0.042528
1.773397|0.001338
2.088978|0.023499
2.064369|0.041440
2.007162|0.039332
1.990308|0.031606
1.990270|0.036387
2.031606|0.054455
2.067434|0.040858
2.052548|0.039461
2.048061|0.067763
2.093292|0.049287
2.044039|0.040859
1.991944|0.034432
2.041092|0.035668
2.033894|0.046561
2.063103|0.021914
2.050978|0.036690
1.768577|0.001202
2.087940|0.021116
2.062680|0.036365
2.005772|0.042146
1.985394|0.045737
1.988700|0.052001
2.030429|0.051085
2.061972|0.037089
2.051631|0.021220
2.047293|0.068220
2.091346|0.023214
2.042982|0.042550
1.990885|0.034538
2.040087|0.038380
2.028587|0.037594
2.062159|0.020457
2.050215|0.040804
1.765508|0.000502
2.087227|0.019877
2.061696|0.038937
2.004792|0.036306
1.981586|0.046443
1.987531|0.053074
2.029143|0.049303
2.059695|0.037142
2.050618|0.020790
2.046280|0.070343
2.090258|0.026977
2.042206|0.040408
1.989926|0.035007
2.039103|0.036938
2.027288|0.037228
2.061339|0.020233
2.049490|0.039055
1.762685|0.000467
2.086689|0.019666
2.060877|0.038795
2.003949|0.034383
1.980615|0.046485
1.986653|0.054977
2.028170|0.048176
2.059088|0.037207
2.049976|0.020536
2.045609|0.070314
2.089508|0.024838
2.041616|0.039724
1.989226|0.034213
2.038424|0.036122
2.026467|0.037077
2.060803|0.020141
2.048945|0.037887
1.760675|0.000280
2.086252|0.019610
2.060280|0.037172
2.003369|0.038014
1.980005|0.046606
1.985930|0.050501
2.027429|0.047297
2.058625|0.037946
2.049401|0.020346
2.045065|0.068416
2.088911|0.021576
2.041215|0.040555
1.988631|0.033532
2.037844|0.037281
2.025947|0.033946
2.060282|0.020010
2.048553|0.038454
1.758677|0.000236
2.085934|0.019447
2.059731|0.037513
2.002891|0.033909
1.979558|0.046570
1.985326|0.050639
2.026816|0.048773
2.058296|0.036284
2.048877|0.020327
2.044598|0.071070
2.088466|0.023226
2.040801|0.038490
1.988132|0.034030
2.037327|0.035808
2.025390|0.035472
2.059837|0.019955
2.048204|0.037490
1.756957|0.000141
2.118938|0.489000
2.101604|0.439209
2.045537|0.164504
2.079952|0.121176
2.126175|0.130562
2.119565|0.053372
2.070753|0.341962
2.118218|0.566175
2.067135|0.285402
2.118133|0.696022
2.076219|0.351539
2.057503|0.112571
2.129125|0.064346
2.049654|0.067251
2.083591|0.078906
2.113658|0.089559
2.093255|0.095379
2.117972|0.071012
2.073939|0.465299
2.087221|0.192246
2.116859|0.055903
2.099393|0.128862
2.076441|0.277091
2.071271|0.514681
2.082981|0.252413
2.115015|0.322882
2.072582|0.257353
2.073274|0.101382
2.131484|0.101837
2.047057|0.105841
2.071401|0.105025
2.093254|0.074734
2.085832|0.081631
2.106462|0.076608
2.062601|0.283728
2.067053|0.079401
2.103414|0.064355
2.086307|0.092237
2.065732|0.093511
2.026387|0.141888
2.071103|0.105508
2.105248|0.061138
2.048465|0.086874
2.040457|0.101647
2.118311|0.051577
2.030085|0.088616
2.060669|0.066067
2.071186|0.041353
2.078708|0.043286
2.093692|0.043569
2.048153|0.171211
2.060619|0.039530
2.099891|0.033939
2.077032|0.071740
2.055464|0.045731
2.005448|0.077436
2.056539|0.062178
2.094398|0.038899
2.036999|0.063087
2.026203|0.035023
2.114988|0.021937
2.022550|0.028424
2.055943|0.040090
2.058145|0.019590
2.075905|0.029131
2.081504|0.032181
2.038681|0.124757
2.053745|0.020506
2.095426|0.022760
2.072376|0.071420
2.050277|0.037210
1.996675|0.057480
2.048499|0.053416
2.090328|0.037002
2.031289|0.067338
2.009039|0.021471
2.111825|0.016500
2.003164|0.017052
2.044220|0.022641
2.048997|0.013156
2.065120|0.021017
2.073875|0.024902
2.028438|0.108303
2.049443|0.015070
2.091139|0.021934
2.063172|0.058971
2.046874|0.038333
1.989817|0.066311
2.046624|0.042113
2.087552|0.037700
2.028344|0.043625
2.003252|0.027778
2.108493|0.013887
2.000845|0.014621
2.042037|0.025132
2.037999|0.009216
2.063083|0.020472
2.064007|0.022494
2.018612|0.094618
2.047419|0.014010
2.089677|0.016494
2.061290|0.069282
2.044684|0.037737
1.986618|0.064422
2.044327|0.042207
2.085791|0.038015
2.026588|0.048045
2.001858|0.019654
2.107211|0.012097
1.999397|0.012793
2.040793|0.020229
2.034982|0.007908
2.061810|0.019286
2.062413|0.023608
2.016085|0.070957
2.045920|0.011842
2.088595|0.014086
2.059971|0.074800
2.043279|0.037403
1.983414|0.062545
2.043035|0.041508
2.083718|0.037362
2.025228|0.047929
2.000380|0.016253
2.106311|0.012065
1.998297|0.012351
2.039829|0.017003
2.028925|0.007193
2.060873|0.017814
2.054656|0.022524
2.008317|0.067037
2.045476|0.010959
2.087960|0.012475
2.059547|0.077707
2.042889|0.037546
1.980763|0.063880
2.042345|0.042463
2.082914|0.038167
2.024516|0.051098
2.000198|0.013296
2.105644|0.010733
1.997908|0.010922
2.039388|0.014263
2.018975|0.006604
2.060302|0.015287
2.046787|0.018619
2.001321|0.065927
2.044549|0.010431
2.087273|0.012223
2.058628|0.072498
2.041952|0.037816
1.980014|0.064483
2.041359|0.037934
2.082599|0.038111
2.023837|0.043685
1.999350|0.014301
2.105026|0.010438
1.997149|0.010617
2.038854|0.014468
2.017329|0.006304
2.077996|0.222048
2.103119|0.552816
2.121685|0.250219
2.119895|0.110771
2.068584|0.152932
2.117237|0.180088
2.104082|0.148659
2.075732|0.133105
2.098441|0.266591
2.076622|0.206220
2.050748|0.135719
2.035855|0.097664
2.029459|0.112490
2.076873|0.105163
2.077022|0.027039
2.059061|0.119787
1.968948|0.295127
2.077801|0.062828
2.115460|0.223968
2.122302|0.071656
2.124108|0.091223
2.053415|0.147892
2.069880|0.081904
2.096373|0.072812
2.075430|0.090472
2.086962|0.163498
2.086369|0.114172
2.043896|0.153595
2.036895|0.053458
2.029160|0.024411
2.077326|0.093395
2.063890|0.076560
2.055545|0.085296
1.963344|0.092541
2.078130|0.079883
2.097152|0.151773
2.109054|0.031616
2.109593|0.034864
2.036660|0.169910
2.041203|0.058792
2.091572|0.051730
2.059824|0.093897
2.064152|0.080739
2.072109|0.101835
2.026738|0.106719
2.025652|0.053563
2.018641|0.018302
2.073273|0.112393
2.052901|0.043533
2.042098|0.079649
1.952306|0.033407
2.069362|0.059567
2.089509|0.072486
2.099827|0.024374
2.101605|0.025870
2.023691|0.134873
2.018885|0.055264
2.077785|0.038680
2.050359|0.067180
2.050617|0.038340
2.067090|0.076178
2.015052|0.062297
2.009144|0.042575
2.002464|0.029015
2.070387|0.095541
2.041327|0.037944
2.035639|0.074295
1.942030|0.010022
2.066597|0.049652
2.086772|0.069050
2.098126|0.029465
2.098943|0.026214
2.005688|0.082073
2.002191|0.039780
2.069268|0.031048
2.046959|0.066083
2.045147|0.031731
2.064299|0.069966
2.009869|0.053501
2.002887|0.042649
1.996701|0.020319
2.066298|0.090150
2.033940|0.037101
2.027512|0.071391
1.932688|0.003983
2.063001|0.041171
2.068377|0.055534
2.094803|0.022400
2.095248|0.020675
2.002925|0.050978
1.994158|0.032685
2.066855|0.033050
2.042987|0.050325
2.037801|0.022774
2.062276|0.065879
2.003799|0.033657
2.000555|0.039164
1.994518|0.030028
2.064865|0.064842
2.031081|0.022509
2.023954|0.072000
1.929333|0.002979
2.061348|0.042298
2.060884|0.047920
2.091470|0.016518
2.092330|0.014397
2.000792|0.041220
1.990507|0.023365
2.064951|0.027588
2.040492|0.053633
2.035266|0.019621
2.061520|0.065532
2.002131|0.026529
1.999105|0.039784
1.993080|0.029357
2.063419|0.054585
2.029581|0.009593
2.022912|0.073698
1.927723|0.002162
2.060664|0.041715
2.057123|0.043423
2.088567|0.011833
2.089790|0.010340
1.999985|0.031378
1.989527|0.022162
2.063949|0.024822
2.039356|0.053520
2.034543|0.013627
2.060879|0.065111
2.001485|0.016632
1.998159|0.040940
1.992060|0.033163
2.062478|0.048901
2.028869|0.004609
2.022233|0.072611
1.926557|0.001543
2.059928|0.040873
2.053085|0.033341
2.087680|0.006573
2.088912|0.005849
1.999336|0.028703
1.988685|0.019006
2.062848|0.020828
2.038530|0.054538
2.033805|0.008960
2.060298|0.064562
2.000967|0.008989
1.997486|0.040933
1.991378|0.035085
2.061562|0.045849
2.028382|0.003482
2.021784|0.073324
1.925607|0.001127
2.059473|0.039931
2.048422|0.026607
2.087303|0.003891
2.088346|0.003531
1.998921|0.028089
1.988053|0.014926
2.061985|0.017229
2.038072|0.047650
2.033391|0.005380
2.059780|0.064612
2.000639|0.005320
1.996978|0.042043
1.990814|0.037817
2.060937|0.045906
2.027951|0.003577
2.021420|0.070430
1.924824|0.000831
2.086065|0.543173
2.079716|0.206698
2.120723|0.343667
2.057539|0.281197
2.092198|0.349010
2.133667|0.414596
2.021885|0.138750
2.157199|0.359828
2.063648|0.144677
2.090913|0.028040
2.094657|0.362727
2.146771|0.280671
2.026487|0.419952
2.141999|0.248796
2.031251|0.055522
2.074080|0.023602
2.072287|0.244716
2.083095|0.245926
2.010040|0.263202
2.061380|0.236376
2.114767|0.106933
2.016874|0.014951
2.132064|0.068063
2.054593|0.065255
2.086747|0.009548
2.078043|0.191908
2.134302|0.165626
1.997110|0.243556
2.131151|0.145149
2.016389|0.025191
2.062486|0.024772
2.062585|0.176230
2.054810|0.144717
1.995958|0.145724
2.055508|0.157734
2.104550|0.165584
2.010037|0.010927
2.126938|0.089041
2.047608|0.109363
2.082508|0.010235
2.072335|0.125468
2.123511|0.117410
1.984626|0.156695
2.124452|0.105360
2.008402|0.023889
2.056460|0.018147
2.058965|0.151691
2.050956|0.121699
1.991258|0.127584
2.051717|0.137913
2.096419|0.085068
2.005658|0.008821
2.119029|0.051118
2.042048|0.056493
2.078517|0.009995
2.069560|0.124413
2.118314|0.104725
1.982463|0.154070
2.118503|0.093339
2.005265|0.014241
2.051853|0.017276
2.054113|0.144055
2.045927|0.104413
1.989039|0.112498
2.048822|0.137805
2.091395|0.070727
2.001958|0.009084
2.117216|0.038406
2.037328|0.054704
2.075805|0.010194
2.068147|0.108849
2.115601|0.092172
1.980486|0.142171
2.114885|0.078007
2.003068|0.013800
2.049038|0.012024
2.051986|0.124265
2.043759|0.085666
1.986959|0.106565
2.047680|0.128311
2.088923|0.057442
1.999832|0.019114
2.115667|0.038880
2.035453|0.044691
2.074369|0.013851
2.066885|0.084501
2.113993|0.080230
1.978908|0.142176
2.113203|0.074962
2.001704|0.012093
2.047723|0.010825
2.050262|0.113994
2.041884|0.075754
1.986164|0.091177
2.046850|0.116168
2.087871|0.051382
1.998739|0.014911
2.114530|0.032024
2.034514|0.051605
2.073309|0.013737
2.065777|0.060448
2.112562|0.072831
1.977625|0.105515
2.110938|0.073094
2.000798|0.012466
2.047008|0.013334
2.049763|0.093838
2.040140|0.068575
1.985241|0.073777
2.046335|0.092710
2.086742|0.051428
1.998105|0.013521
2.114001|0.025625
2.033376|0.053698
2.072605|0.011009
2.064703|0.049131
2.110988|0.071627
1.976919|0.083039
2.109004|0.071184
2.000254|0.008053
2.046568|0.009511
2.049402|0.095515
2.038711|0.069107
1.984544|0.063320
2.045527|0.082220
2.085934|0.037289
1.997618|0.008958
2.113009|0.019038
2.032322|0.041901
2.072130|0.008898
2.064292|0.046377
2.109740|0.068557
1.976296|0.070852
2.108017|0.067343
1.999607|0.009420
2.046185|0.009243
2.048760|0.087763
2.037733|0.064805
1.984110|0.046402
2.045140|0.073477
2.085147|0.040098
1.997196|0.008409
2.112626|0.013710
2.031739|0.030495
2.071748|0.007397
2.063505|0.049007
2.108994|0.070645
1.975767|0.071924
2.107122|0.067527
1.998992|0.006719
2.145368|0.425117
2.160838|0.816065
2.086987|0.387598
2.104473|0.366425
2.091074|0.214815
2.109692|0.329313
2.090428|0.243748
2.084829|0.160742
2.084056|0.306633
2.018749|0.242379
2.079378|0.048785
2.056654|0.004891
2.105323|0.083890
2.079329|0.029554
2.062346|0.069122
2.080222|0.199496
2.126053|0.092840
2.075625|0.063467
2.077112|0.178173
2.087042|0.003906
2.096771|0.299702
2.067499|0.196328
2.072159|0.008896
2.059124|0.257108
1.976633|0.218590
2.069937|0.016612
2.049764|0.005823
2.093816|0.052304
2.070011|0.020851
2.052990|0.114258
2.060412|0.128561
2.121716|0.162754
2.067282|0.056995
2.054761|0.083174
2.083360|0.002922
2.086864|0.165395
2.050833|0.113030
2.065854|0.012107
2.050640|0.151600
1.967092|0.092208
2.063892|0.018707
2.040408|0.004370
2.086679|0.025356
2.062027|0.018228
2.042937|0.103988
2.049355|0.073845
2.114049|0.149488
2.060529|0.053188
2.048382|0.045838
2.079403|0.002473
2.066297|0.138791
2.047744|0.092836
2.061595|0.006594
2.045763|0.091060
1.962887|0.058242
2.059788|0.010965
2.035478|0.000967
2.081955|0.010304
2.058176|0.005821
2.038525|0.048637
2.046572|0.074313
2.112291|0.088547
2.057347|0.056066
2.046234|0.022510
2.077134|0.001640
2.062203|0.104574
2.045357|0.087773
2.058977|0.005815
2.042513|0.072776
1.960912|0.042467
2.057578|0.006113
2.032282|0.000426
2.080607|0.005315
2.056463|0.002517
2.034916|0.035400
2.045097|0.075231
2.108998|0.072067
2.055012|0.054072
2.044671|0.026349
2.075717|0.001452
2.059982|0.097824
2.044183|0.090309
2.057963|0.005069
2.039804|0.072823
1.959425|0.043127
2.056435|0.004775
2.031170|0.000407
2.078590|0.004655
2.054980|0.002081
2.032640|0.030673
2.044075|0.048515
2.107506|0.065431
2.053923|0.053660
2.043967|0.045009
2.074898|0.001570
2.058513|0.104443
2.043359|0.082318
2.056975|0.004006
2.037979|0.062761
1.958422|0.046479
2.055755|0.004242
2.030423|0.000416
2.077811|0.005043
2.053997|0.002333
2.031991|0.034099
2.043006|0.051574
2.106838|0.045202
2.053606|0.053497
2.043144|0.044464
2.074421|0.001575
2.058121|0.130452
2.042740|0.111040
2.056610|0.003457
2.036945|0.055112
1.957638|0.039176
2.055223|0.004358
2.029852|0.000569
2.077249|0.006833
2.053544|0.003777
2.031430|0.075376
2.042677|0.121663
2.106227|0.058379
2.053102|0.053030
2.042772|0.023472
2.074174|0.001657
2.057944|0.138173
2.042998|0.124970
2.056559|0.004998
2.036758|0.093251
1.957330|0.062065
2.055073|0.006284
2.029573|0.000485
2.076524|0.005853
2.053513|0.002785
2.031274|0.013174
2.042728|0.068464
2.105908|0.054282
2.052272|0.053369
2.042530|0.041809
2.073811|0.002117
2.057200|0.104035
2.042465|0.084778
2.056195|0.005620
2.036330|0.050923
1.956835|0.039282
2.054642|0.007737
2.029298|0.000815
2.075919|0.007639
2.052943|0.003644
2.030068|0.032231
2.099538|0.310089
2.080190|0.330074
2.019579|0.215366
1.999564|0.122536
2.071281|0.135434
1.995752|0.025576
2.042437|0.021766
2.027998|0.123427
2.068504|0.014288
2.001171|0.008252
1.994000|0.008403
1.990078|0.005079
2.063387|0.008644
2.005087|0.008522
1.994479|0.007609
1.989132|0.005821
2.035805|0.003948
2.023952|0.297731
2.059496|0.060050
1.996146|0.002704
1.988325|0.001857
1.984209|0.000783
2.058462|0.001106
2.001273|0.000801
1.990576|0.000548
1.984250|0.000337
2.031930|0.000423
2.020319|0.280616
2.055198|0.058024
1.994803|0.151834
2.056013|0.270947
2.147854|0.087651
1.993081|0.010127
1.985500|0.011197
1.981527|0.006122
2.055204|0.010772
1.998302|0.008225
1.987866|0.007189
1.981231|0.004545
2.029148|0.006615
2.016048|0.004788
2.059554|0.222568
1.991508|0.003696
2.064453|0.059404
1.982500|0.003390
1.978816|0.002538
2.132740|0.069375
2.061208|0.047108
2.057035|0.125037
2.028747|0.006157
2.015521|0.005570
1.991018|0.005430
1.982698|0.004639
1.978391|0.002595
2.001051|0.002938
2.060316|0.038552
2.053056|0.001723
1.996772|0.001133
1.985955|0.001108
2.066189|0.035828
1.979432|0.001187
2.027795|0.001072
2.019851|0.036252
2.057539|0.001786
1.990121|0.000334
1.981769|0.000235
1.977494|0.000444
2.052967|0.000599
1.996352|0.000505
1.985287|0.000438
1.979381|0.000372
2.027068|0.000371
2.019325|0.112680
2.051657|0.015362
1.990377|0.001964
1.981663|0.001257
1.977153|0.000290
2.052617|0.001490
1.996292|0.000221
1.985264|0.000293
1.978819|0.000958
2.027241|0.000488
2.016926|0.103245
2.050425|0.003326
1.991593|0.092725
2.052390|0.038579
2.126560|0.052017
1.989622|0.019436
1.981154|0.012528
1.976904|0.002504
2.052389|0.005058
1.995963|0.000937
1.985009|0.001392
1.978693|0.002538
2.026800|0.002054
2.013763|0.002468
2.056670|0.122996
1.989573|0.001986
2.057103|0.034838
1.980703|0.001301
1.976754|0.000669
2.121198|0.054911
2.056713|0.031174
2.053970|0.061109
2.026793|0.001134
2.013722|0.001241
1.989453|0.001618
1.980968|0.001255
1.976635|0.000400
1.999632|0.001234
2.056278|0.036721
2.051832|0.001749
1.995631|0.000695
1.984480|0.000500
2.059439|0.032963
1.977960|0.000288
2.026296|0.000407
2.017720|0.034806
2.053784|0.000528
1.988627|0.000267
1.980131|0.000225
1.975714|0.000199
2.051127|0.000177
1.995039|0.000149
1.983346|0.000157
1.977374|0.000152
2.024954|0.000156
2.016062|0.109466
2.049271|0.000603
1.988060|0.000277
1.979279|0.000279
1.974806|0.000161
2.050126|0.002351
1.994803|0.001082
1.982760|0.001123
1.976330|0.000212
2.024533|0.000918
2.014990|0.092998
2.048532|0.002694
1.988929|0.095401
2.049644|0.034888
2.121836|0.047099
1.986837|0.004115
1.978179|0.002401
1.973883|0.000528
2.049061|0.002682
1.994064|0.000987
1.981791|0.001167
1.975519|0.000857
2.023501|0.001152
2.011634|0.000828
2.051263|0.090977
1.986369|0.001081
2.053919|0.035066
1.977466|0.001054
1.973441|0.000505
2.117131|0.047344
2.053686|0.017850
2.050113|0.062051
2.023275|0.000940
2.011585|0.000689
1.986213|0.000758
1.977554|0.000718
1.973168|0.000442
1.996549|0.000554
2.053254|0.033397
2.048401|0.000490
1.993703|0.000380
1.981135|0.000381
2.056009|0.032789
1.974836|0.000179
2.023019|0.000266
2.015404|0.035845
2.051111|0.000318
1.985826|0.000159
1.977183|0.000155
1.972820|0.000147
2.048244|0.000276
1.993445|0.000241
1.980782|0.000236
1.974839|0.000176
2.022528|0.000266
2.014082|0.098249
2.046880|0.001564
1.986056|0.000713
1.977000|0.000598
1.972497|0.000166
2.047885|0.003416
1.993498|0.000893
1.980732|0.000710
1.974310|0.000153
2.022553|0.000588
2.013581|0.090079
2.047092|0.001436
1.987389|0.094328
2.048258|0.035097
2.119851|0.044527
1.985581|0.003747
1.976698|0.002109
1.972348|0.000559
2.047861|0.002959
1.993285|0.001047
1.980682|0.001271
1.974338|0.000978
2.022370|0.001147
2.010682|0.000855
2.049183|0.085389
1.985603|0.001130
2.052625|0.035531
1.976372|0.001079
1.972265|0.000490
2.114522|0.045736
2.052224|0.016805
2.048605|0.062761
2.022417|0.000742
2.010704|0.000592
1.985571|0.000654
1.976701|0.000628
1.972230|0.000395
1.995770|0.000475
2.052375|0.032812
2.047580|0.000402
1.993147|0.000309
1.980413|0.000300
2.054704|0.033057
1.973970|0.000140
2.022264|0.000178
2.014622|0.036344
2.050226|0.000243
1.985336|0.000133
1.976540|0.000153
1.972063|0.000144
2.047688|0.000281
1.993010|0.000260
1.980273|0.000264
1.974274|0.000203
2.021980|0.000276
2.013479|0.095304
2.046331|0.001530
1.985685|0.000831
1.976535|0.000892
1.971942|0.000217
2.047480|0.005376
1.993152|0.001123
1.980338|0.000691
1.973859|0.000138
2.022121|0.000432
2.012868|0.088336
2.046658|0.001019
1.987001|0.095184
2.047457|0.035078
2.118042|0.042375
1.985273|0.003006
1.976336|0.001921
1.971900|0.000577
2.047550|0.003803
1.992998|0.001145
1.980335|0.001245
1.973952|0.000863
2.021984|0.001073
2.010399|0.000772
2.048406|0.082136
1.985366|0.001144
2.051581|0.035324
1.976041|0.001075
1.971864|0.000478
2.113366|0.044288
2.051555|0.018043
2.048022|0.059064
2.022041|0.000633
2.010448|0.000561
1.985332|0.000625
1.976448|0.000604
1.971882|0.000366
1.995490|0.000429
2.051452|0.032588
2.047262|0.000340
1.992910|0.000256
1.980191|0.000243
2.054235|0.033287
1.973593|0.000122
2.022001|0.000132
2.014169|0.036526
2.049919|0.000218
1.985112|0.000166
1.976297|0.000210
1.971756|0.000174
2.047474|0.000379
1.992803|0.000361
1.980043|0.000365
1.974010|0.000291
2.021715|0.000346
2.013018|0.091927
2.046134|0.001551
1.985495|0.000711
1.976313|0.000709
1.971645|0.000218
2.047290|0.005029
1.992971|0.000748
1.980141|0.000484
1.973582|0.000143
2.021870|0.000412
2.012410|0.085313
2.046508|0.001062
1.986725|0.092897
2.047230|0.036220
2.117474|0.041828
1.985128|0.002949
1.976152|0.001878
1.971631|0.000627
2.047385|0.003807
1.992852|0.001170
1.980217|0.001328
1.973735|0.000928
2.021779|0.001081
2.010233|0.000749
2.048023|0.079783
1.985209|0.001140
2.051551|0.035664
1.975818|0.001079
1.971628|0.000475
2.112632|0.043566
2.051167|0.017705
2.047639|0.057972
2.021873|0.000551
2.010296|0.000541
1.985199|0.000608
1.976308|0.000602
1.971670|0.000372
1.995334|0.000437
2.051539|0.032425
2.047116|0.000346
1.992771|0.000273
1.980037|0.000250
2.053818|0.033640
1.973378|0.000130
2.021798|0.000119
2.013887|0.037102
2.049712|0.000195
1.984967|0.000168
1.976131|0.000228
1.971526|0.000190
2.047334|0.000402
1.992679|0.000399
1.979892|0.000410
1.973825|0.000340
2.021537|0.000369
2.012814|0.089892
2.045986|0.001276
1.985311|0.000697
1.976129|0.000586
1.971441|0.000227
2.047167|0.004640
1.992843|0.000590
1.979972|0.000452
1.973422|0.000150
2.021697|0.000443
2.012141|0.082842
2.046327|0.001134
1.986530|0.091458
2.046798|0.036764
2.116720|0.040848
1.984959|0.002630
1.975992|0.001747
1.971444|0.000594
2.047243|0.003865
1.992710|0.001157
1.979996|0.001302
1.973533|0.000832
2.021601|0.001008
2.010101|0.000624
2.047625|0.077985
1.985081|0.001089
2.050827|0.035765
1.975660|0.001047
1.971446|0.000454
2.111957|0.043032
2.050782|0.017727
2.047281|0.056235
2.021677|0.000501
2.010199|0.000543
1.985107|0.000617
1.976208|0.000615
1.971494|0.000379
1.995186|0.000448
2.050989|0.032423
2.046938|0.000355
1.992653|0.000278
1.979937|0.000252
2.053734|0.033966
1.973193|0.000135
2.021682|0.000110
2.013613|0.037504
2.049518|0.000183
1.984852|0.000187
1.976010|0.000265
1.971359|0.000221
2.047216|0.000449
1.992578|0.000460
1.979766|0.000474
1.973680|0.000415
2.021404|0.000413
2.012458|0.087670
2.045902|0.001077
1.985195|0.000666
1.976002|0.000528
1.971275|0.000196
2.047067|0.003207
1.992744|0.000378
1.979861|0.000425
1.973292|0.000177
2.021563|0.000591
2.011900|0.080161
2.046249|0.001287
1.986376|0.088683
2.046809|0.037647
2.116276|0.040251
1.984904|0.002460
1.975894|0.001643
1.971287|0.000594
2.047163|0.003486
1.992648|0.001215
1.979981|0.001357
1.973415|0.000836
2.021485|0.000981
2.010025|0.000537
2.047510|0.076283
1.985015|0.001053
2.050824|0.036059
1.975480|0.001032
1.971319|0.000439
2.111441|0.042746
2.050553|0.017229
2.047090|0.056534
2.021601|0.000435
2.010116|0.000499
1.985042|0.000578
1.976150|0.000602
1.971390|0.000376
1.995097|0.000452
2.051050|0.032468
2.046814|0.000368
1.992568|0.000299
1.979859|0.000271
2.053277|0.033968
1.973022|0.000159
2.021566|0.000111
2.013419|0.037997
2.049345|0.000151
1.984766|0.000157
1.975911|0.000230
1.971224|0.000204
2.047145|0.000371
1.992500|0.000399
1.979683|0.000418
1.973571|0.000379
2.021294|0.000341
2.012319|0.087571
2.045817|0.001024
1.985088|0.000692
1.975892|0.000610
1.971139|0.000257
2.046994|0.004497
1.992659|0.000511
1.979753|0.000492
1.973185|0.000170
2.021450|0.000520
2.011702|0.079061
2.046123|0.001288
1.986234|0.088785
2.046400|0.037535
2.115999|0.038994
1.984789|0.002006
1.975780|0.001457
1.971161|0.000556
2.047062|0.003553
1.992542|0.001122
1.979814|0.001223
1.973271|0.000658
2.021366|0.000901
2.009932|0.000430
2.047217|0.075044
1.984932|0.000965
2.050338|0.035938
1.975365|0.000914
1.971188|0.000375
2.110636|0.042533
2.050292|0.017435
2.046829|0.055834
2.021475|0.000417
2.010051|0.000500
1.984981|0.000588
1.976077|0.000610
1.971261|0.000387
1.994989|0.000465
2.050476|0.032512
2.046681|0.000374
1.992478|0.000307
1.979795|0.000277
2.053212|0.034029
1.972881|0.000170
2.021483|0.000116
2.013185|0.038177
2.049159|0.000135
1.984681|0.000152
1.975828|0.000227
1.971111|0.000194
2.047064|0.000347
1.992420|0.000381
1.979588|0.000391
1.973474|0.000364
2.021204|0.000298
2.012075|0.088623
2.045747|0.000866
1.985007|0.000620
1.975796|0.000583
1.971030|0.000266
2.046924|0.004277
1.992587|0.000711
1.979671|0.000872
1.973161|0.000216
2.021355|0.000869
2.011502|0.077346
2.046060|0.001462
1.986095|0.087403
2.046412|0.037551
2.115628|0.038065
1.984753|0.001755
1.975716|0.001409
1.971050|0.000561
2.047013|0.002098
1.992513|0.001150
1.979762|0.001261
1.973253|0.000623
2.021272|0.001044
2.009880|0.000333
2.047113|0.073911
1.984814|0.000884
2.050193|0.036039
1.975434|0.000822
1.971069|0.000313
2.110384|0.042505
2.050167|0.017086
2.046658|0.061877
2.021396|0.000325
2.009947|0.000342
1.984864|0.000421
1.975917|0.000471
1.971106|0.000301
1.994928|0.000379
2.090669|0.355676
2.089528|0.011712
2.072566|0.227844
2.070350|0.199926
2.066948|0.185274
2.067662|0.095149
2.009392|0.050518
1.997895|0.024385
1.993766|0.011185
2.040702|0.009855
2.026102|0.013344
2.000266|0.011438
1.992943|0.143221
2.130211|0.017077
2.066419|0.036903
1.990796|0.006669
2.036845|0.005463
2.021506|0.006607
1.997416|0.167613
2.066039|0.026716
1.988667|0.002197
1.984465|0.001005
2.059006|0.001353
2.001248|0.001348
1.990072|0.001194
2.064321|0.233311
1.984538|0.000508
2.031891|0.000412
2.017824|0.000335
1.993585|0.000601
2.063248|0.097020
1.984842|0.001581
2.063346|0.073028
1.980729|0.001768
2.054906|0.003641
1.998557|0.003657
1.987815|0.003893
1.981421|0.002804
2.029088|0.003357
2.092597|0.090438
2.060630|0.047026
2.060337|0.043845
2.060565|0.050450
2.141865|0.009701
2.047054|0.159818
1.978892|0.008627
2.141307|0.052936
2.058853|0.044337
1.978827|0.010512
2.139712|0.051873
2.058608|0.032051
2.058813|0.040677
2.122087|0.141310
2.053573|0.023473
2.135219|0.163233
2.087996|0.250960
2.081194|0.280028
2.070418|0.235519
2.035161|0.203375
2.070572|0.173674
2.034255|0.151739
2.104920|0.069116
2.063141|0.118257
2.111637|0.073937
2.025517|0.105341
2.128741|0.057278
2.044709|0.074054
2.063237|0.070395
2.063292|0.058389
2.064611|0.053788
2.102467|0.048263
2.063040|0.059051
2.067235|0.081518
2.029255|0.076402
2.061027|0.045770
2.060387|0.042971
2.095059|0.085976
2.063523|0.057534
2.014584|0.032184
2.105346|0.066133
2.061442|0.051964
2.056479|0.064799
2.055727|0.062953
2.020028|0.045353
2.058377|0.043354
2.023559|0.036316
2.093461|0.033003
2.054454|0.057547
2.103059|0.056432
2.017046|0.071859
2.120133|0.044677
2.036921|0.054139
2.055290|0.039401
2.056141|0.037832
2.057334|0.028819
2.095372|0.031084
2.055985|0.036548
2.060444|0.056935
2.022248|0.056898
2.054856|0.034938
2.054555|0.034062
2.090325|0.057426
2.056751|0.037840
2.009248|0.026899
2.099813|0.063109
2.056087|0.040582
2.052214|0.053608
2.051737|0.053376
2.015547|0.033991
2.054183|0.036561
2.019376|0.027448
2.089310|0.029143
2.050970|0.054465
2.098539|0.054171
2.013657|0.072179
2.115874|0.041704
2.033492|0.053217
2.051826|0.036837
2.053191|0.036748
2.054631|0.026864
2.092871|0.030108
2.053021|0.035438
2.057363|0.055826
2.019167|0.057697
2.052402|0.034014
2.052018|0.031218
2.088106|0.053770
2.054059|0.037071
2.006392|0.026364
2.097237|0.058339
2.053794|0.039978
2.050155|0.053668
2.049633|0.053152
2.013281|0.031727
2.051907|0.035193
2.017426|0.025133
2.086930|0.028986
2.049270|0.054311
2.096608|0.051939
2.012065|0.072014
2.113651|0.040863
2.031930|0.053081
2.050268|0.036118
2.051670|0.036238
2.052887|0.026625
2.090967|0.030128
2.051417|0.034043
2.055957|0.055781
2.018012|0.057220
2.051055|0.033767
2.050658|0.030709
2.086706|0.050751
2.052848|0.037313
2.005075|0.025904
2.095902|0.055820
2.052655|0.040452
2.049385|0.053273
2.048716|0.052934
2.012304|0.031513
2.050809|0.034533
2.016484|0.024427
2.085952|0.028527
2.048421|0.054521
2.095447|0.051574
2.011387|0.072059
2.112720|0.040637
2.031231|0.053311
2.049581|0.034984
2.050986|0.035474
2.052145|0.026026
2.090243|0.029734
2.050767|0.033446
2.055318|0.055730
2.017431|0.056673
2.050499|0.033373
2.050046|0.030587
2.085999|0.048239
2.052197|0.036957
2.004419|0.025661
2.095329|0.054022
2.051983|0.040040
2.048866|0.052980
2.048111|0.052786
2.011772|0.031337
2.050307|0.033685
2.016050|0.023850
2.085379|0.027844
2.047853|0.054930
2.094757|0.051846
2.010893|0.071539
2.112168|0.040508
2.030797|0.053532
2.049108|0.034726
2.050508|0.035035
2.051632|0.025914
2.089593|0.029874
2.050298|0.032519
2.054882|0.055477
2.016967|0.055976
2.049933|0.032983
2.049433|0.030411
2.085372|0.046012
2.051654|0.037019
2.003767|0.025274
2.094892|0.052052
2.051404|0.040297
2.048320|0.052862
2.047466|0.052707
2.011076|0.030856
2.049697|0.033360
2.015369|0.023301
2.084846|0.027996
2.047212|0.055088
2.094263|0.050080
2.010196|0.071040
2.111644|0.040088
2.030261|0.053549
2.048386|0.034332
2.049923|0.034637
2.051114|0.025666
2.089068|0.029858
2.049704|0.032167
2.054318|0.055351
2.016306|0.055613
2.049352|0.032680
2.048854|0.030090
2.084875|0.044518
2.051139|0.036766
2.003069|0.025153
2.094502|0.051177
2.050894|0.040023
2.047818|0.052888
2.046954|0.052762
2.010511|0.030470
2.049254|0.032725
2.014837|0.022745
2.084420|0.027432
2.046735|0.055497
2.093827|0.050031
2.009608|0.070339
2.111223|0.039994
2.029790|0.053540
2.047835|0.034637
2.049459|0.034526
2.050717|0.025559
2.088698|0.030076
2.049253|0.031942
2.053868|0.054939
2.015800|0.054995
2.048903|0.032521
2.048443|0.030012
2.084540|0.043047
2.050693|0.036442
2.002529|0.025092
2.094179|0.050565
2.050447|0.039487
2.047431|0.052835
2.046592|0.052701
2.010093|0.029847
2.048900|0.032401
2.014434|0.022450
2.084075|0.027346
2.046406|0.055530
2.093474|0.049399
2.009252|0.069648
2.110897|0.039911
2.029485|0.053500
2.047539|0.034333
2.049172|0.034009
2.050417|0.025274
2.088444|0.029994
2.048992|0.031284
2.053594|0.054894
2.015513|0.054750
2.048647|0.032371
2.048200|0.029650
2.084302|0.041449
2.050382|0.036424
2.002212|0.024934
2.093974|0.049899
2.050134|0.039683
2.047188|0.052707
2.046368|0.052596
2.009845|0.029675
2.048676|0.032198
2.014189|0.022218
2.083814|0.027148
2.046185|0.055481
2.093201|0.048843
2.009006|0.068990
2.110640|0.039792
2.029273|0.053640
2.047336|0.033866
2.048970|0.033669
2.050189|0.025017
2.088254|0.029783
2.048787|0.030925
2.053375|0.054759
2.015293|0.054537
2.048464|0.032220
2.048015|0.029618
2.084103|0.039803
2.050157|0.036177
2.001957|0.024912
2.110262|0.163934
2.118361|0.064235
2.120350|0.170129
2.084857|0.204652
2.094775|0.028589
2.094611|0.027421
2.122165|0.003255
2.100268|0.020655
2.100502|0.492253
2.097641|0.002786
2.099318|0.240698
2.080102|0.000680
2.098103|0.261314
2.084577|0.003354
2.059545|0.263546
2.051829|0.197578
2.074050|0.215337
2.074963|0.214318
2.070729|0.227878
2.092504|0.010902
2.030825|0.196241
2.074939|0.005762
2.100040|0.002135
2.123677|0.001276
2.018300|0.355770
2.050999|0.004753
2.090995|0.003350
2.078949|0.008592
2.048934|0.203007
2.058486|0.005852
2.050664|0.004273
2.123859|0.002004
2.084635|0.018258
2.067449|0.391850
2.076778|0.006317
2.099928|0.208349
2.062143|0.002759
2.055207|0.176759
2.061957|0.009927
2.015577|0.186419
2.040821|0.173859
2.059658|0.156136
2.056065|0.194984
2.050314|0.163212
2.083508|0.005091
2.024462|0.186100
2.069101|0.014736
2.094026|0.005426
2.121293|0.004149
2.002625|0.254120
2.046174|0.005196
2.087430|0.003911
2.073142|0.009041
2.042830|0.189001
2.052141|0.003277
2.046649|0.003397
2.120413|0.002924
2.078240|0.012264
2.061644|0.338088
2.072661|0.006639
2.096832|0.194454
2.056815|0.002104
2.051175|0.153950
2.057839|0.014418
2.011102|0.163518
2.036511|0.136689
2.055526|0.140398
2.052964|0.164402
2.046872|0.136466
2.081208|0.003094
2.021111|0.175053
2.066096|0.007854
2.091791|0.002648
2.119307|0.001802
1.999460|0.208025
2.043904|0.005165
2.085881|0.003198
2.070892|0.007795
2.040838|0.178137
2.050212|0.002903
2.044775|0.003592
2.119462|0.001935
2.076202|0.012693
2.060518|0.297363
2.071224|0.005802
2.095803|0.185138
2.055494|0.001804
2.049944|0.111263
2.056247|0.015014
2.009575|0.129477
2.034617|0.134184
2.054544|0.103892
2.051823|0.157820
2.045770|0.105772
2.080329|0.005291
2.020054|0.150779
2.065237|0.017972
2.091059|0.005151
2.118624|0.002900
1.998529|0.118392
2.043154|0.007893
2.085372|0.004585
2.070126|0.014804
2.040180|0.151286
2.049494|0.004098
2.044132|0.005470
2.118923|0.002695
2.075436|0.022397
2.060040|0.219699
2.070779|0.008454
2.095420|0.169436
2.054713|0.002205
2.049379|0.050320
2.055554|0.020878
2.008948|0.067002
2.033837|0.100890
2.053961|0.041155
2.051170|0.125600
2.045284|0.043990
2.079887|0.007046
2.019640|0.139013
2.064790|0.018785
2.090729|0.007062
2.118258|0.003557
1.998024|0.049761
2.042762|0.009034
2.085076|0.004695
2.069634|0.013039
2.039587|0.145437
2.049057|0.004123
2.043712|0.005766
2.118608|0.002439
2.074874|0.018882
2.059484|0.187689
2.070374|0.008489
2.095254|0.154895
2.054166|0.002347
2.048757|0.031998
2.054875|0.020176
2.008085|0.052253
2.033079|0.074435
2.053282|0.029860
2.050561|0.103987
2.044403|0.035010
2.079416|0.005505
2.019027|0.123043
2.064224|0.017082
2.090271|0.005011
2.117850|0.002731
1.997166|0.041542
2.042372|0.009291
2.084787|0.005196
2.069072|0.012773
2.039174|0.132999
2.048561|0.004623
2.043320|0.006508
2.118172|0.002507
2.074534|0.017273
2.058846|0.169252
2.070026|0.008460
2.094838|0.143390
2.053633|0.002520
2.048213|0.029660
2.054431|0.019779
2.007522|0.049946
2.032555|0.049341
2.052533|0.028378
2.049970|0.082473
2.043702|0.032986
2.078934|0.005330
2.018697|0.113521
2.063825|0.014139
2.089769|0.004271
2.117427|0.001900
1.996174|0.038666
2.042123|0.007432
2.084578|0.004359
2.068651|0.010864
2.038839|0.124295
2.048166|0.003914
2.043089|0.005901
2.117794|0.002121
2.074047|0.015102
2.058311|0.154637
2.069755|0.009567
2.094509|0.127495
2.052978|0.002238
2.047809|0.032213
2.054032|0.025328
2.007055|0.050121
2.032029|0.031694
2.051889|0.028043
2.049430|0.068737
2.043263|0.031735
2.078395|0.003945
2.018508|0.113902
2.063590|0.010347
2.089170|0.003646
2.117108|0.001842
1.995669|0.035538
2.041851|0.005696
2.084419|0.003993
2.068396|0.008331
2.038579|0.124793
2.047242|0.003436
2.042968|0.005092
2.117552|0.002303
2.073655|0.012492
2.058070|0.139920
2.069574|0.011526
2.094277|0.110985
2.050565|0.001861
2.047625|0.037733
2.053782|0.028000
2.006778|0.049790
2.031648|0.021644
2.050475|0.027114
2.049129|0.063359
2.042976|0.030118
2.077055|0.003739
2.018359|0.117528
2.063419|0.008034
2.087878|0.003277
2.116856|0.001836
1.995245|0.033709
2.041756|0.005273
2.084359|0.003832
2.068216|0.006638
2.038360|0.128727
2.046313|0.003110
2.042850|0.004472
2.117416|0.002123
2.073390|0.008818
2.057844|0.132721
2.069479|0.012239
2.094146|0.102987
2.049730|0.001814
2.047476|0.041739
2.053510|0.028203
2.006531|0.049350
2.031253|0.013237
2.049972|0.026806
2.048761|0.056807
2.042750|0.030662
2.076613|0.003278
2.018292|0.120993
2.063196|0.007365
2.087516|0.003016
2.116663|0.001891
1.994967|0.031874
2.060730|0.395593
2.024461|0.350465
2.077364|0.122319
2.067731|0.317912
2.069464|0.250312
2.062192|0.313746
2.038309|0.263952
2.037004|0.288434
2.032754|0.188843
2.037798|0.155699
2.058594|0.101646
2.060026|0.234335
2.069215|0.108243
2.055190|0.214861
2.063601|0.296639
1.987790|0.100592
2.042537|0.228375
2.053063|0.092179
2.002497|0.066549
2.089119|0.198759
2.002395|0.084643
2.101194|0.175186
2.096859|0.142141
2.025367|0.128005
2.106124|0.138979
2.030413|0.112227
2.020803|0.071799
1.988283|0.079432
2.059759|0.117639
2.061914|0.132325
2.062994|0.109426
2.055914|0.095447
2.018530|0.099665
2.015404|0.086887
2.021973|0.067501
2.009691|0.076297
2.051891|0.068577
2.046417|0.098372
2.059529|0.101819
2.045816|0.101721
2.053944|0.140737
1.973300|0.059035
2.033044|0.119689
2.042587|0.068464
1.993476|0.058173
2.080268|0.111031
1.994327|0.077448
2.096343|0.096098
2.089950|0.099827
2.016856|0.102689
2.101591|0.092695
2.028653|0.074229
2.012083|0.055756
1.976866|0.067707
2.055834|0.103431
2.056106|0.106206
2.056306|0.093270
2.051132|0.074946
2.013077|0.078303
2.007953|0.082819
2.014929|0.057967
2.004555|0.079123
2.048134|0.062749
2.043608|0.092707
2.056233|0.087449
2.043352|0.094081
2.050641|0.123226
1.968156|0.057526
2.029463|0.106752
2.040295|0.062605
1.990207|0.057133
2.077434|0.093757
1.991783|0.073447
2.094473|0.089342
2.087647|0.092910
2.014936|0.103605
2.099923|0.084206
2.027315|0.087176
2.009893|0.050486
1.974566|0.044201
2.054612|0.104619
2.054049|0.096739
2.054970|0.086990
2.049562|0.077085
2.011799|0.063407
2.006338|0.080725
2.013301|0.058606
2.003100|0.080959
2.046950|0.062679
2.042608|0.091831
2.054641|0.086946
2.042464|0.093030
2.049504|0.125104
1.966839|0.054253
2.027738|0.098567
2.039354|0.059505
1.988786|0.053745
2.076469|0.078413
1.991067|0.074576
2.093737|0.077636
2.086707|0.086504
2.014295|0.100305
2.098983|0.077336
2.026818|0.055254
2.009446|0.046739
1.973941|0.041537
2.054138|0.099057
2.052627|0.097273
2.054388|0.091326
2.048925|0.074215
2.011228|0.059221
2.005454|0.080193
2.012433|0.056648
2.002460|0.080056
2.046450|0.061390
2.042195|0.092333
2.053554|0.085928
2.042073|0.092157
2.048902|0.118418
1.965959|0.054129
2.026835|0.092126
2.038573|0.057208
1.987982|0.050785
2.075673|0.072218
1.990764|0.074128
2.093412|0.076423
2.086195|0.082908
2.013912|0.100049
2.098627|0.077300
2.026502|0.046023
2.009037|0.044060
1.973549|0.042352
2.053880|0.094923
2.052016|0.099984
2.054107|0.097583
2.048542|0.072670
2.010948|0.061686
2.004934|0.078940
2.011904|0.055316
2.001987|0.078298
2.046036|0.060483
2.041923|0.094744
2.053044|0.087391
2.041838|0.093736
2.048603|0.110707
1.965544|0.053508
2.026225|0.087080
2.038074|0.054828
1.987332|0.047792
2.075371|0.071950
1.990464|0.068599
2.093223|0.075517
2.085928|0.081976
2.013618|0.099721
2.098324|0.076893
2.026213|0.038668
2.008756|0.042352
1.973267|0.036402
2.053725|0.097602
2.051439|0.099733
2.053835|0.094870
2.048262|0.073337
2.010776|0.052258
2.004629|0.078863
2.011590|0.055645
2.001643|0.077212
2.045775|0.060853
2.041688|0.091364
2.052557|0.086190
2.041645|0.092604
2.048470|0.110391
1.965109|0.050933
2.025762|0.085940
2.037677|0.053590
1.986865|0.046322
2.074946|0.071578
1.990176|0.062920
2.092994|0.074411
2.085680|0.083179
2.013346|0.099984
2.098007|0.075270
2.026010|0.032064
2.008422|0.040709
1.972885|0.031195
2.053567|0.096878
2.051176|0.099274
2.053574|0.097186
2.048010|0.072792
2.010570|0.051455
2.004254|0.077652
2.011161|0.054749
2.001230|0.075098
2.045408|0.059961
2.041453|0.089085
2.052243|0.085575
2.041412|0.091012
2.048308|0.106504
1.964699|0.051480
2.025531|0.081762
2.037348|0.053266
1.986500|0.045278
2.074602|0.070860
1.989948|0.060575
2.092756|0.073367
2.085482|0.083231
2.013131|0.099350
2.097767|0.073672
2.025815|0.023300
2.008180|0.039192
1.972660|0.028996
2.053423|0.095648
2.050949|0.098797
2.053329|0.097199
2.047822|0.073494
2.010411|0.049448
2.004018|0.076823
2.010888|0.054259
2.000966|0.073327
2.045216|0.058963
2.041293|0.088388
2.052075|0.083895
2.041256|0.090463
2.048136|0.103210
1.964400|0.050966
2.025324|0.081324
2.037049|0.052397
1.986217|0.044087
2.074401|0.069225
1.989755|0.059475
2.092578|0.073334
2.085333|0.083616
2.013018|0.100173
2.097642|0.072603
2.025599|0.019256
2.008008|0.038498
1.972452|0.029278
2.053294|0.093843
2.050768|0.099562
2.053162|0.098321
2.047718|0.073658
2.010275|0.047663
2.003807|0.075864
2.010627|0.054525
2.000740|0.072806
2.045012|0.059010
2.041164|0.087740
2.051868|0.083590
2.041117|0.089869
2.048022|0.100187
1.964137|0.050650
2.025127|0.079674
2.036760|0.051639
1.985949|0.043553
2.074167|0.066535
1.989516|0.058216
2.092494|0.072581
2.085203|0.083433
2.012889|0.099391
2.097425|0.071737
2.025461|0.016586
2.109443|0.175274
2.083705|0.294007
2.083630|0.331688
2.064324|0.184385
2.063677|0.145223
2.066919|0.243448
2.082735|0.191333
2.069613|0.152513
2.110780|0.002486
2.083909|0.185371
2.051600|0.332163
2.096950|0.188815
2.061999|0.174402
2.090624|0.129617
2.055327|0.121238
2.063997|0.198363
2.031299|0.254906
2.146150|0.014410
2.061291|0.196221
2.046411|0.233123
2.007433|0.261696
2.091032|0.061431
2.049781|0.142084
2.058302|0.167481
2.102874|0.051125
2.066159|0.111780
2.073030|0.209798
2.055011|0.141811
2.044913|0.090034
2.059381|0.181868
2.071140|0.129860
2.053182|0.075108
2.099760|0.011670
2.073739|0.113556
2.043128|0.154142
2.093390|0.132722
2.044957|0.110761
2.084494|0.067333
2.049643|0.085731
2.059387|0.122503
2.020374|0.121885
2.142443|0.023080
2.056678|0.099061
2.040756|0.097803
2.003867|0.125188
2.083753|0.047679
2.043623|0.106271
2.050621|0.104240
2.100310|0.046004
2.060147|0.049814
2.069626|0.159272
2.051311|0.121993
2.035115|0.044281
2.054705|0.115681
2.068240|0.055240
2.043950|0.056748
2.091576|0.003678
2.068764|0.079797
2.037423|0.128097
2.090333|0.118438
2.036546|0.093622
2.081999|0.031499
2.046380|0.063940
2.057164|0.096627
2.016119|0.103935
2.141191|0.018577
2.054948|0.077242
2.038271|0.090301
2.001435|0.105340
2.080887|0.023079
2.041054|0.079813
2.047253|0.053923
2.098554|0.036892
2.056377|0.029459
2.067217|0.132173
2.048921|0.106492
2.031237|0.039591
2.050883|0.090120
2.065629|0.073070
2.040485|0.034356
2.087625|0.004134
2.066972|0.062051
2.035940|0.103115
2.088244|0.104040
2.034569|0.067829
2.080498|0.016310
2.043419|0.060240
2.055837|0.072063
2.014836|0.087730
2.139749|0.026346
2.053741|0.060316
2.037115|0.079988
2.000057|0.096926
2.079697|0.015889
2.039968|0.075053
2.045988|0.036131
2.097715|0.037336
2.054486|0.015077
2.066246|0.119944
2.047926|0.093439
2.029876|0.032091
2.049583|0.079873
2.064673|0.068251
2.039274|0.030527
2.086362|0.003535
2.066056|0.057457
2.035097|0.099970
2.087432|0.094628
2.033186|0.062912
2.079615|0.009227
2.042684|0.060376
2.055084|0.065493
2.013880|0.083255
2.138701|0.018632
2.053039|0.056303
2.036223|0.076675
1.999037|0.093465
2.079113|0.014506
2.039288|0.074820
2.044733|0.032426
2.097077|0.038419
2.052710|0.010116
2.064962|0.117389
2.047158|0.085263
2.028826|0.027013
2.048616|0.078739
2.062203|0.064451
2.038344|0.030162
2.085625|0.003159
2.065316|0.054334
2.034091|0.100380
2.086819|0.093269
2.032206|0.059241
2.078204|0.008663
2.042023|0.060552
2.054071|0.058392
2.012867|0.077932
2.138214|0.015488
2.051992|0.052080
2.034734|0.067839
1.997563|0.081248
2.077407|0.015572
2.038357|0.071830
2.042540|0.033427
2.096428|0.041141
2.051782|0.009307
2.063977|0.112849
2.046512|0.076138
2.028318|0.020029
2.048045|0.079323
2.061446|0.048836
2.037457|0.033219
2.084750|0.001723
2.064648|0.050607
2.033587|0.101652
2.086305|0.093661
2.031647|0.062179
2.077754|0.008709
2.041576|0.059652
2.053642|0.058784
2.012021|0.077769
2.137652|0.011343
2.051473|0.049875
2.034338|0.062414
1.997015|0.074391
2.076989|0.014168
2.037984|0.070990
2.042040|0.033323
2.096168|0.040308
2.051400|0.008802
2.063497|0.115362
2.045800|0.077960
2.027953|0.019315
2.047666|0.077802
2.061177|0.048030
2.036989|0.031499
2.084248|0.001437
2.064099|0.049065
2.033199|0.102641
2.085881|0.092435
2.031273|0.062241
2.077367|0.007258
2.041234|0.060476
2.053315|0.058739
2.011582|0.077679
2.137334|0.008463
2.051166|0.049952
2.034044|0.063966
1.996699|0.074040
2.076777|0.013060
2.037706|0.070841
2.041789|0.032091
2.095876|0.040262
2.051120|0.007490
2.063262|0.116163
2.045535|0.077972
2.027770|0.019010
2.047459|0.076828
2.060952|0.048644
2.036597|0.030100
2.083749|0.001466
2.063891|0.049115
2.032876|0.101951
2.085531|0.091247
2.030896|0.059620
2.077141|0.006300
2.041001|0.061423
2.053141|0.056967
2.011264|0.076239
2.137032|0.006996
2.050980|0.049143
2.033858|0.062816
1.996394|0.071538
2.076639|0.012862
2.037487|0.070652
2.041580|0.031459
2.095695|0.040526
2.050887|0.006288
2.063121|0.114545
2.045382|0.076618
2.027586|0.017884
2.047254|0.076560
2.060819|0.046506
2.036362|0.030036
2.083466|0.001368
2.063668|0.048732
2.032668|0.100889
2.085274|0.090503
2.030648|0.059219
2.076944|0.006521
2.040872|0.060385
2.053044|0.056457
2.011008|0.074864
2.136777|0.005466
2.050861|0.048163
2.033717|0.060419
1.996166|0.068821
2.076532|0.013119
2.037294|0.070358
2.041395|0.031328
2.197141|0.420678
2.196020|0.837654
2.190724|0.614956
2.183802|0.577442
2.188123|0.743228
2.182360|0.655481
2.158761|0.254103
2.166299|0.368161
2.174986|0.505465
2.175190|0.439425
2.171271|0.342224
2.163318|0.242510
2.160177|0.160942
2.151868|0.120138
2.165876|0.093826
2.147385|0.109325
2.132945|0.174057
2.166165|0.052920
2.162424|0.047567
2.137740|0.099981
2.164838|0.029077
2.170194|0.104905
2.129263|0.282251
2.101878|0.281714
2.108134|0.121748
2.155406|0.074716
2.142091|0.127703
2.139153|0.169958
2.158109|0.072999
2.151693|0.040268
2.127377|0.184385
2.143816|0.112086
2.143286|0.072631
2.152478|0.068475
2.146794|0.050708
2.122111|0.262300
2.147576|0.091541
2.131515|0.022471
2.158810|0.010863
2.121964|0.070134
2.103102|0.149416
2.156268|0.015773
2.150578|0.016484
2.119866|0.066219
2.151986|0.017734
2.151781|0.087333
2.107254|0.234395
2.079263|0.212575
2.092988|0.085335
2.151764|0.046860
2.130568|0.112470
2.126417|0.124607
2.148147|0.041921
2.138796|0.036845
2.111050|0.126404
2.135121|0.094079
2.126063|0.031666
2.141899|0.045124
2.134586|0.023092
2.102781|0.243419
2.136275|0.053207
2.118610|0.015234
2.152306|0.005220
2.105827|0.049562
2.091955|0.097385
2.148325|0.009581
2.140131|0.007990
2.109162|0.050496
2.139335|0.014266
2.137055|0.107656
2.088882|0.211232
2.056825|0.066729
2.083891|0.068835
2.146264|0.025758
2.121763|0.091187
2.115340|0.111016
2.141516|0.020709
2.131341|0.010486
2.101075|0.125957
2.130268|0.088853
2.118450|0.043415
2.135762|0.036125
2.128308|0.020499
2.088447|0.249039
2.131700|0.053244
2.112457|0.018403
2.147611|0.004283
2.100147|0.049690
2.087373|0.118958
2.143354|0.010318
2.133148|0.008740
2.104853|0.054639
2.132047|0.016861
2.126481|0.063180
2.079142|0.181429
2.048359|0.066245
2.079978|0.068667
2.143207|0.010053
2.116998|0.075847
2.110733|0.118445
2.136570|0.012250
2.127131|0.008212
2.095343|0.114328
2.126568|0.096816
2.114916|0.024253
2.132478|0.026299
2.125074|0.019908
2.078541|0.185028
2.128830|0.046136
2.108846|0.020710
2.144445|0.002811
2.096411|0.043260
2.084572|0.101548
2.139825|0.008362
2.128815|0.006635
2.101667|0.053075
2.126877|0.009464
2.117025|0.055018
2.072026|0.156595
2.041444|0.023344
2.076625|0.058763
2.141003|0.006205
2.113324|0.068645
2.107488|0.116294
2.134086|0.007937
2.124354|0.004294
2.091555|0.106492
2.124555|0.101565
2.112577|0.019883
2.130303|0.018541
2.122664|0.015453
2.072851|0.142673
2.126663|0.046195
2.106135|0.022066
2.142397|0.001782
2.094144|0.042329
2.082667|0.088286
2.137582|0.003929
2.126024|0.003649
2.099545|0.053288
2.123847|0.005756
2.111220|0.054324
2.067482|0.155393
2.037245|0.012815
2.074426|0.055963
2.139691|0.002421
2.111081|0.064626
2.105530|0.116838
2.132336|0.002962
2.122695|0.002856
2.088765|0.104130
2.123112|0.104877
2.111195|0.010310
2.128862|0.008872
2.121388|0.010033
2.069724|0.122796
2.125488|0.046229
2.104033|0.021506
2.141191|0.001648
2.092619|0.038640
2.081290|0.089351
2.135921|0.003581
2.124461|0.002851
2.097879|0.054679
2.121805|0.005302
2.106850|0.047286
2.062283|0.137557
2.034305|0.010902
2.072998|0.058899
2.138704|0.002464
2.108738|0.062620
2.103199|0.107894
2.131010|0.002746
2.121366|0.001696
2.085267|0.091603
2.121167|0.096137
2.110041|0.011051
2.127719|0.010798
2.120217|0.010143
2.067496|0.100712
2.124430|0.042289
2.102292|0.025460
2.140192|0.001231
2.091298|0.034432
2.080156|0.080523
2.134777|0.003956
2.123323|0.002241
2.096665|0.054327
2.120468|0.004374
2.104440|0.045872
2.059359|0.142445
2.031991|0.007597
2.071691|0.063784
2.137836|0.002012
2.107249|0.059601
2.101810|0.104947
2.130087|0.002395
2.120341|0.001481
2.083606|0.086208
2.120182|0.089807
2.109114|0.008965
2.126932|0.011167
2.119379|0.010536
2.065549|0.093600
2.123479|0.042450
2.101199|0.030334
2.139234|0.001149
2.090205|0.031044
2.079142|0.079848
2.133955|0.005201
2.122442|0.002329
2.095671|0.056162
2.119381|0.004590
2.102908|0.044144
2.056860|0.141298
2.030213|0.006076
2.070743|0.068640
2.137228|0.001672
2.105909|0.060588
2.100422|0.107578
2.129242|0.001946
2.119487|0.000958
2.081485|0.084455
2.118860|0.091995
2.108430|0.005505
2.126291|0.010614
2.118705|0.008323
2.064452|0.094650
2.122878|0.038441
2.099691|0.037543
2.138492|0.001099
2.089543|0.030040
2.078654|0.081569
2.133300|0.005335
2.121661|0.002233
2.094898|0.058460
2.118526|0.004152
2.101741|0.043805
2.053405|0.130828
2.028826|0.005729
2.100836|0.006507
2.098650|0.004105
2.083089|0.198983
2.076811|0.005002
2.087535|0.202951
2.072268|0.080710
2.077366|0.001858
2.038211|0.002455
2.065858|0.002853
2.064135|0.024690
2.054058|0.001487
2.074498|0.002607
2.042050|0.002495
2.050706|0.009839
2.009103|0.001679
2.071954|0.005071
2.079888|0.003422
2.010167|0.001497
2.038171|0.001513
2.101578|0.000893
2.092486|0.001173
2.056934|0.169466
2.054491|0.001918
2.052045|0.003314
1.999329|0.003048
2.074188|0.102581
2.027473|0.015862
2.037746|0.004308
2.035345|0.002441
2.020026|0.097663
2.025459|0.002332
2.043233|0.136795
2.034743|0.055859
2.039873|0.001316
1.998602|0.001542
2.033584|0.001720
2.040724|0.002944
2.030245|0.000743
2.043679|0.001144
2.023673|0.001195
2.036017|0.002887
1.986234|0.000657
2.043222|0.002221
2.060356|0.002015
1.997528|0.000733
2.019784|0.000783
2.073228|0.000502
2.074328|0.000743
2.041875|0.147259
2.031693|0.000669
2.036000|0.002588
1.988634|0.000391
2.050946|0.095368
2.014532|0.012500
2.025818|0.000941
2.017959|0.000682
2.012246|0.078641
2.012905|0.001537
2.033968|0.106530
2.024276|0.037550
2.030706|0.001079
1.989178|0.001339
2.023380|0.001983
2.031584|0.004701
2.023345|0.000964
2.034896|0.001441
2.018359|0.001047
2.029131|0.003412
1.979832|0.000729
2.032566|0.002809
2.055423|0.002469
1.990736|0.000572
2.014970|0.000638
2.067134|0.000618
2.069149|0.000712
2.037692|0.071157
2.026292|0.000662
2.029742|0.003304
1.984001|0.000379
2.042670|0.069968
2.008041|0.019752
2.022537|0.000643
2.014606|0.000533
2.008374|0.063369
2.007572|0.000788
2.028954|0.090689
2.020652|0.020153
2.026920|0.000505
1.984403|0.000527
2.020290|0.000622
2.028155|0.004304
2.019536|0.000474
2.029800|0.000537
2.014657|0.000413
2.026084|0.001940
1.976564|0.000327
2.027599|0.000997
2.052689|0.001039
1.987017|0.000285
2.012159|0.000284
2.062785|0.000362
2.064258|0.000361
2.035049|0.050376
2.021688|0.000322
2.027511|0.001556
1.981282|0.000189
2.035094|0.064667
2.005408|0.014258
2.020844|0.000360
2.012733|0.000348
2.006161|0.056662
2.005790|0.000629
2.026833|0.077621
2.018858|0.018038
2.025343|0.000391
1.982420|0.000428
2.018673|0.000521
2.026546|0.004689
2.017998|0.000355
2.026245|0.000408
2.012987|0.000274
2.024518|0.001840
1.974699|0.000221
2.024096|0.000743
2.051394|0.000820
1.985285|0.000186
2.010563|0.000170
2.060328|0.000264
2.062067|0.000234
2.033729|0.038008
2.019228|0.000238
2.025841|0.001211
1.979704|0.000137
2.031665|0.069001
2.002687|0.011396
2.019633|0.000292
2.011306|0.000246
2.004527|0.057076
2.003711|0.000325
2.024441|0.075945
2.017454|0.016716
2.024362|0.000195
1.981138|0.000279
2.017571|0.000392
2.024300|0.007269
2.016980|0.000198
2.024776|0.000239
2.011787|0.000156
2.022154|0.001325
1.973254|0.000126
2.021235|0.000488
2.050519|0.000503
1.982852|0.000117
2.009427|0.000113
2.059208|0.000188
2.060999|0.000172
2.032430|0.037897
2.017889|0.000165
2.023726|0.000646
1.978611|0.000086
2.029068|0.070370
2.000300|0.008817
2.018795|0.000218
2.010336|0.000217
2.003339|0.058832
2.002095|0.000312
2.022627|0.074258
2.016452|0.017132
2.023585|0.000159
1.980142|0.000231
2.016739|0.000351
2.022814|0.007702
2.016162|0.000203
2.023800|0.000277
2.010864|0.000189
2.020623|0.002531
1.972217|0.000132
2.019367|0.000737
2.049762|0.000715
1.981305|0.000115
2.008517|0.000103
2.058293|0.000174
2.060145|0.000146
2.031654|0.038047
2.016819|0.000146
2.022352|0.000606
1.977854|0.000111
2.027253|0.073578
1.998656|0.011195
2.018168|0.000404
2.009570|0.000438
2.002493|0.071156
2.000853|0.000340
2.021275|0.087820
2.015707|0.018806
2.023000|0.000096
1.979383|0.000103
2.016051|0.000166
2.021655|0.002261
2.015563|0.000177
2.023068|0.000292
2.010279|0.000330
2.019611|0.004743
1.971534|0.000272
2.018085|0.001914
2.049248|0.001708
1.980239|0.000262
2.007850|0.000220
2.057568|0.000320
2.059474|0.000234
2.031054|0.071940
2.015982|0.000120
2.021346|0.000323
1.977226|0.000063
2.025971|0.078975
1.997598|0.006638
2.017705|0.000322
2.008981|0.000538
2.001996|0.078152
2.000053|0.000794
2.020458|0.099755
2.015199|0.035521
2.022531|0.000169
1.978793|0.000127
2.015446|0.000211
2.020741|0.000387
2.014945|0.000097
2.022431|0.000134
2.009573|0.000090
2.018678|0.000338
1.970788|0.000092
2.017029|0.000312
2.048604|0.000352
1.979341|0.000139
2.007166|0.000140
2.056954|0.000229
2.058906|0.000200
2.030760|0.056412
2.015266|0.000161
2.020538|0.000878
1.976476|0.000089
2.024902|0.075689
1.996545|0.011632
2.017048|0.000162
2.008183|0.000154
2.001257|0.056030
1.999272|0.000312
2.019614|0.076538
2.014589|0.025942
2.021930|0.000170
1.978183|0.000161
2.014914|0.000325
2.020089|0.001520
2.014312|0.000135
2.021871|0.000256
2.008813|0.000133
2.017977|0.000896
1.970137|0.000119
2.016181|0.000617
2.047661|0.000651
1.978622|0.000129
2.006289|0.000133
2.056109|0.000230
2.058050|0.000279
2.030253|0.040162
2.014669|0.000186
2.020000|0.002415
1.975917|0.000076
2.024070|0.059926
1.995366|0.018756
2.069390|0.174965
1.998104|0.178833
2.060812|0.047687
2.094088|0.151224
2.014973|0.131990
2.031809|0.090872
2.071378|0.268021
2.026461|0.204671
2.037363|0.020197
2.037759|0.006136
2.018225|0.217091
2.033807|0.003483
2.071054|0.196333
1.996986|0.006192
2.010903|0.000782
1.969897|0.000662
2.024094|0.002701
2.017411|0.000347
2.002426|0.000531
2.033608|0.004169
2.007455|0.000522
2.058429|0.000604
1.999782|0.000533
2.016674|0.000522
2.018783|0.001472
1.992962|0.348253
2.059058|0.106988
1.968014|0.082126
2.050129|0.000537
2.062122|0.002187
2.005053|0.099762
2.010194|0.079200
2.046777|0.210539
2.007153|0.150684
2.024911|0.023881
2.020283|0.003475
2.000122|0.133641
2.016514|0.003974
2.049813|0.102295
1.980006|0.007707
2.003422|0.003037
1.963500|0.007364
2.014762|0.004907
2.010945|0.001359
1.995514|0.001709
2.023300|0.010439
2.001799|0.001822
2.054013|0.001671
1.995314|0.002374
2.010705|0.007950
2.013831|0.003642
1.980230|0.204190
2.055916|0.071208
1.958701|0.037902
2.046863|0.001453
2.058092|0.004694
2.001583|0.066800
2.005377|0.014548
2.039466|0.168983
2.001899|0.067330
2.016834|0.073622
2.016767|0.009908
1.994746|0.070773
2.013637|0.009480
2.044813|0.052104
1.976137|0.008244
2.000929|0.004812
1.960747|0.003044
2.012515|0.003742
2.008817|0.001072
1.993507|0.001376
2.021163|0.005301
1.999863|0.001382
2.052350|0.001094
1.993010|0.001139
2.008785|0.000675
2.012074|0.002229
1.977102|0.177533
2.054339|0.063881
1.955139|0.015400
2.045711|0.001375
2.056882|0.005157
2.000368|0.059182
2.004449|0.045760
2.036976|0.157139
2.000421|0.078994
2.013579|0.051624
2.015116|0.006003
1.992867|0.066155
2.012283|0.005264
2.042988|0.057338
1.974566|0.007154
2.000056|0.004344
1.959791|0.003667
2.011405|0.003557
2.007571|0.001010
1.992293|0.001344
2.019897|0.006550
1.998642|0.001443
2.051394|0.001231
1.991910|0.001284
2.007555|0.000640
2.010988|0.002723
1.975611|0.152704
2.053524|0.059033
1.953207|0.013865
2.044871|0.001465
2.055912|0.003441
1.999329|0.056079
2.002909|0.023164
2.035258|0.130439
1.998897|0.072274
2.010620|0.035368
2.014292|0.008123
1.991302|0.068393
2.011444|0.004073
2.041261|0.046405
1.973216|0.002846
1.999059|0.002871
1.958725|0.002062
2.010505|0.001894
2.006896|0.000654
1.991602|0.000781
2.018969|0.004431
1.997830|0.001090
2.050850|0.001016
1.991237|0.001777
2.006967|0.000879
2.010022|0.003203
1.974304|0.158248
2.052959|0.060083
1.951990|0.014232
2.044258|0.000983
2.054045|0.002033
1.998514|0.054436
2.002203|0.004707
2.028373|0.122709
1.998204|0.058885
2.008208|0.027834
2.011607|0.006223
1.990591|0.070811
2.008498|0.005189
2.038025|0.048929
1.967483|0.004137
1.998649|0.004984
1.958289|0.004060
2.007018|0.002626
2.006203|0.001024
1.990944|0.001172
2.012313|0.003547
1.997256|0.001443
2.050329|0.001395
1.990759|0.001160
2.006306|0.000966
2.006618|0.002320
1.973687|0.108998
2.052503|0.054892
1.951188|0.008079
2.043915|0.001087
2.051292|0.002077
1.997943|0.054179
2.001386|0.003045
2.024150|0.118091
1.997311|0.051688
2.007215|0.037461
2.009583|0.002902
1.989371|0.055293
2.006826|0.003109
2.036051|0.045551
1.964933|0.003716
1.997820|0.004526
1.957491|0.003731
2.006043|0.003243
2.005652|0.001398
1.990355|0.001522
2.010974|0.004962
1.996639|0.001958
2.049981|0.001665
1.989939|0.001631
2.005611|0.001509
2.005778|0.002829
1.972524|0.094598
2.052117|0.055915
1.949997|0.005401
2.043430|0.001141
2.050578|0.001938
1.997371|0.054095
2.000771|0.002691
2.023043|0.114146
1.996453|0.051721
2.006457|0.029796
2.008812|0.002301
1.988520|0.050621
2.006219|0.002399
2.034995|0.042521
1.964089|0.002643
1.997322|0.003243
1.956997|0.002476
2.005458|0.002706
2.005062|0.000966
1.989874|0.001275
2.010251|0.004701
1.996144|0.001846
2.049604|0.001741
1.989474|0.001593
2.005054|0.000988
2.005277|0.003326
1.971853|0.088588
2.051808|0.054352
1.949259|0.006350
2.043059|0.001244
2.050120|0.001999
1.996961|0.053583
2.000277|0.001821
2.022380|0.109713
1.995878|0.050074
2.005199|0.028010
2.008279|0.002325
1.987890|0.049654
2.005806|0.002346
2.034355|0.040911
1.963374|0.002588
1.996912|0.003574
1.956627|0.002522
2.005107|0.002706
2.004261|0.000959
1.989477|0.001232
2.009833|0.004377
1.995276|0.001794
2.049336|0.001710
1.989088|0.001469
2.002934|0.000782
2.004982|0.003038
1.971446|0.085255
2.051614|0.053586
1.948749|0.005909
2.042855|0.001244
2.049824|0.001897
1.996693|0.053346
1.999984|0.001608
2.021829|0.107372
1.995536|0.048993
2.002636|0.026326
2.006752|0.002358
1.987444|0.048718
2.005504|0.002414
2.033909|0.039823
1.961643|0.002615
1.996599|0.003651
1.956400|0.002551
2.004883|0.002735
2.000961|0.000974
1.989239|0.001240
2.009605|0.004202
1.993739|0.001743
2.049126|0.001713
1.988756|0.001372
2.000800|0.000680
2.004682|0.002821
1.970970|0.083236
2.062783|0.010091
2.058833|0.074388
2.056108|0.001375
2.072223|0.065089
2.063709|0.003319
2.047428|0.004212
2.087330|0.002700
2.034172|0.102083
2.112756|0.001788
2.055024|0.003007
2.073034|0.005304
2.060177|0.002619
2.027124|0.004790
2.084796|0.002581
2.029626|0.005360
2.088033|0.002287
2.090775|0.001395
2.075089|0.050120
2.014105|0.001765
2.078573|0.002321
2.054065|0.001524
2.054883|0.000847
2.053446|0.001329
2.066760|0.000827
2.045547|0.000864
2.044181|0.053712
2.049022|0.000756
2.059582|0.053442
2.055939|0.000450
2.040038|0.000808
2.079915|0.000644
2.022637|0.092735
2.108287|0.000886
2.050985|0.000526
2.068184|0.000768
2.057060|0.001316
2.024474|0.002925
2.080093|0.000627
2.025200|0.004081
2.084440|0.001271
2.087417|0.000936
2.068165|0.048398
2.011922|0.001604
2.075059|0.002756
2.051882|0.001524
2.051050|0.000852
2.051280|0.001401
2.063747|0.000881
2.042350|0.000676
2.039323|0.049879
2.046888|0.000564
2.055742|0.050240
2.053742|0.000467
2.037809|0.000791
2.077662|0.000625
2.018291|0.081175
2.106800|0.000663
2.049104|0.000544
2.065696|0.001046
2.055784|0.001189
2.023503|0.002375
2.078077|0.000721
2.023164|0.003572
2.082979|0.001289
2.085762|0.000756
2.066936|0.046136
2.010543|0.001428
2.072842|0.002672
2.050713|0.001394
2.048836|0.000689
2.050314|0.001241
2.062315|0.000766
2.040989|0.000579
2.038188|0.048632
2.045983|0.000425
2.054599|0.049402
2.052456|0.000358
2.036539|0.000643
2.076513|0.000477
2.017136|0.075663
2.106015|0.000514
2.048258|0.000404
2.064649|0.000893
2.055033|0.001063
2.023002|0.002177
2.077332|0.000633
2.022020|0.003562
2.082242|0.001306
2.085161|0.000687
2.066288|0.045429
2.010081|0.001360
2.072039|0.002736
2.050229|0.001316
2.048070|0.000627
2.049835|0.001118
2.061705|0.000714
2.040328|0.000522
2.037572|0.047806
2.045379|0.000366
2.053998|0.048804
2.051894|0.000303
2.036028|0.000535
2.075986|0.000391
2.016469|0.071497
2.105546|0.000409
2.047783|0.000323
2.064145|0.000774
2.054610|0.000860
2.022708|0.001755
2.076854|0.000519
2.021337|0.003131
2.081869|0.001151
2.084688|0.000568
2.065942|0.045212
2.009783|0.001218
2.071430|0.002603
2.049930|0.001186
2.047496|0.000534
2.049538|0.001004
2.061259|0.000659
2.039802|0.000475
2.037206|0.047200
2.044860|0.000323
2.053617|0.048466
2.051234|0.000272
2.035647|0.000498
2.075596|0.000358
2.016018|0.067067
2.105192|0.000359
2.047458|0.000298
2.063766|0.000783
2.053525|0.000807
2.022485|0.001595
2.076510|0.000503
2.020926|0.003010
2.081570|0.001153
2.084376|0.000504
2.065588|0.045023
2.009536|0.001081
2.071051|0.002434
2.049695|0.001018
2.047120|0.000449
2.049318|0.000833
2.060923|0.000552
2.038476|0.000393
2.036558|0.046721
2.043478|0.000255
2.052548|0.048340
2.049821|0.000209
2.035436|0.000381
2.075381|0.000263
2.013180|0.064442
2.104953|0.000271
2.047251|0.000226
2.063514|0.000642
2.052613|0.000624
2.022312|0.001199
2.076298|0.000418
2.020607|0.002398
2.081378|0.000977
2.084153|0.000419
2.064095|0.045049
2.009319|0.000894
2.070822|0.002085
2.049519|0.000880
2.046881|0.000400
2.049142|0.000738
2.060708|0.000498
2.037865|0.000362
2.035154|0.046197
2.043025|0.000224
2.051548|0.048209
2.049415|0.000184
2.035176|0.000341
2.075175|0.000231
2.012231|0.061258
2.104721|0.000235
2.047044|0.000194
2.063306|0.000583
2.052317|0.000541
2.022077|0.001036
2.076121|0.000369
2.020277|0.002162
2.081149|0.000873
2.083970|0.000365
2.063599|0.045133
2.009085|0.000777
2.070509|0.001851
2.049326|0.000747
2.046700|0.000330
2.048951|0.000616
2.060524|0.000421
2.037590|0.000308
2.034824|0.045983
2.042766|0.000197
2.051294|0.048139
2.049155|0.000156
2.034979|0.000290
2.074998|0.000195
2.011879|0.059402
2.104488|0.000202
2.046874|0.000162
2.063118|0.000521
2.052111|0.000469
2.021878|0.000894
2.075965|0.000335
2.020047|0.001976
2.080987|0.000813
2.083786|0.000328
2.063388|0.045301
2.008877|0.000700
2.070335|0.001699
2.049181|0.000660
2.046560|0.000308
2.048801|0.000537
2.060358|0.000374
2.037407|0.000278
2.034621|0.045782
2.042555|0.000171
2.051102|0.048104
2.048996|0.000140
2.034831|0.000252
2.074869|0.000171
2.011656|0.057783
2.104299|0.000174
2.046746|0.000135
2.062967|0.000439
2.051931|0.000391
2.021670|0.000741
2.075845|0.000279
2.019817|0.001731
2.080823|0.000696
2.083672|0.000282
2.063190|0.045408
2.008688|0.000618
2.070177|0.001548
2.049030|0.000588
2.046438|0.000258
2.048644|0.000481
2.060228|0.000339
1.999776|0.012081
2.008129|0.005503
1.956198|0.000820
2.027277|0.000784
2.088937|0.000820
1.987650|0.000493
1.987286|0.000281
1.982246|0.000400
1.996871|0.002965
1.989430|0.024905
2.023123|0.000576
2.034914|0.001626
2.000275|0.000440
1.987835|0.000826
2.003536|0.223686
1.953525|0.000369
1.992308|0.000573
2.004609|0.000722
2.004031|0.002072
1.997498|0.001365
2.069165|0.000583
2.031437|0.003630
2.043063|0.000738
1.993658|0.000785
1.978224|0.000379
1.920184|0.000135
1.998340|0.013254
2.004041|0.001018
1.952533|0.000282
2.022245|0.000290
2.085552|0.000354
1.985620|0.000324
1.986518|0.000221
1.980744|0.000326
1.993626|0.000990
1.988396|0.002428
2.021354|0.000392
2.032754|0.000411
1.998495|0.000244
1.986088|0.000255
2.001161|0.195680
1.952091|0.000110
1.991178|0.000246
2.003089|0.000264
2.002484|0.000804
1.996250|0.000401
2.067445|0.000234
2.030453|0.002036
2.041611|0.000363
1.991751|0.000351
1.977396|0.000117
1.919139|0.000063
1.997050|0.000275
2.002507|0.000288
1.951301|0.000094
2.020450|0.000133
2.083166|0.000323
1.983504|0.000094
1.985684|0.000095
1.979205|0.000107
1.991110|0.000578
1.986418|0.001714
2.019874|0.000247
2.031264|0.000270
1.997289|0.000155
1.984866|0.000154
1.999971|0.159084
1.950681|0.000090
1.990093|0.000164
2.001122|0.000260
2.000524|0.000694
1.994804|0.000312
2.065912|0.000171
2.029069|0.002411
2.040173|0.000312
1.990459|0.000348
1.976733|0.000089
1.918375|0.000053
1.996299|0.000210
2.001612|0.000298
1.950383|0.000142
2.019893|0.000117
2.082299|0.000151
1.982797|0.000108
1.985395|0.000082
1.978724|0.000096
1.990343|0.000464
1.985745|0.001528
2.019438|0.000181
2.030537|0.000262
1.996961|0.000141
1.984460|0.000166
1.999290|0.144117
1.950195|0.000118
1.989708|0.000137
2.000655|0.000375
1.999969|0.000797
1.994275|0.000319
2.065324|0.000225
2.028631|0.002270
2.039750|0.000327
1.990247|0.000373
1.976338|0.000074
1.917901|0.000041
1.996048|0.000185
2.001280|0.000322
1.950035|0.000118
2.019373|0.000091
2.081608|0.000122
1.982425|0.000083
1.985145|0.000068
1.978437|0.000076
1.990557|0.000393
1.985260|0.001034
2.019216|0.000157
2.030217|0.000230
1.996704|0.000124
1.984160|0.000142
1.998729|0.130031
1.949921|0.000112
1.989361|0.000115
2.000543|0.000400
1.999892|0.000839
1.994012|0.000334
2.065101|0.000292
2.028076|0.002341
2.039274|0.000423
1.989795|0.000434
1.976179|0.000068
1.917641|0.000035
1.995926|0.000186
2.001135|0.000396
1.949753|0.000141
2.019046|0.000081
2.081153|0.000111
1.982127|0.000075
1.985013|0.000064
1.978229|0.000070
1.989645|0.000387
1.985102|0.001110
2.018904|0.000154
2.029807|0.000246
1.996426|0.000127
1.983896|0.000143
1.998267|0.115145
1.949728|0.000109
1.989312|0.000102
2.000308|0.000308
1.999513|0.000599
1.993723|0.000243
2.064540|0.000183
2.027918|0.002122
2.039038|0.000268
1.989733|0.000284
1.976002|0.000061
1.917486|0.000032
1.995656|0.000148
2.000867|0.000259
1.949589|0.000110
2.018911|0.000070
2.080922|0.000102
1.981929|0.000065
1.984833|0.000058
1.978095|0.000063
1.989862|0.000332
1.984837|0.001043
2.018755|0.000126
2.029571|0.000202
1.996234|0.000107
1.983687|0.000123
1.998054|0.104511
1.949499|0.000095
1.989198|0.000092
1.999961|0.000288
1.999182|0.000507
1.993510|0.000210
2.064323|0.000131
2.027651|0.002111
2.038687|0.000203
1.989555|0.000247
1.975975|0.000057
1.917362|0.000030
1.995506|0.000136
2.000606|0.000216
1.949365|0.000098
2.018813|0.000064
2.080656|0.000098
1.981790|0.000061
1.984774|0.000055
1.977918|0.000058
1.989181|0.000325
1.984685|0.000884
2.018533|0.000111
2.029377|0.000186
1.996191|0.000098
1.983618|0.000115
1.997805|0.097067
1.949282|0.000090
1.989149|0.000085
1.999903|0.000284
1.999034|0.000463
1.993435|0.000196
2.064100|0.000116
2.027530|0.001406
2.038556|0.000190
1.989718|0.000239
1.975866|0.000053
1.917286|0.000030
1.995401|0.000133
2.000495|0.000214
1.949152|0.000100
2.018526|0.000060
2.080506|0.000094
1.981712|0.000060
1.984698|0.000052
1.977751|0.000055
1.989552|0.000335
1.984431|0.000907
2.018586|0.000103
2.029393|0.000190
1.996252|0.000094
1.983573|0.000115
1.997739|0.091961
1.949063|0.000090
1.988948|0.000079
1.999652|0.000253
1.998875|0.000394
1.993501|0.000175
2.064088|0.000102
2.027359|0.000892
2.038061|0.000164
1.988959|0.000195
1.975758|0.000051
1.917241|0.000030
1.995259|0.000115
1.999829|0.000174
1.948425|0.000093
2.018389|0.000058
2.080408|0.000089
1.981667|0.000062
1.984860|0.000051
1.977797|0.000055
1.985785|0.000260
1.982655|0.000693
2.016585|0.000092
2.027491|0.000167
1.994592|0.000087
1.982031|0.000102
1.995926|0.090396
1.947348|0.000087
1.988812|0.000076
1.996159|0.000206
1.993549|0.000323
1.991838|0.000157
2.063975|0.000092
2.025688|0.000719
2.036231|0.000145
1.985557|0.000170
1.975563|0.000049
1.917153|0.000030
